965
11664
501
967669583
8960
725573
129
1249
69984
2430
6144
5
91857
34300
14400
121
153600
72
19656
864
7056
9425
5760
15
957262828
108864
72900
15680
59400
324000
186624
11
115248
5601
71280
38
16380
124
5250
12348
49896
6
1440
7938
127
6552
6037
19440
291600
8976
135
270000
18480
89600
23400
64
17280
518400
256000
77
248832
13
409342369
71
25920
2403381
5200
52920
7920
4788
92317161
47473
2520
20592
7025
65610
252000
131
472392
245760
916855204
9800
55
32076
7500
559
54600
151200
6541551
221184
70000
162000
938017885
23760
122877509
22500
21168
54000
170100
99
969
1008
20160
2070
60000
42755209
17136
84
782
18000
395
4733
4173641
111
38400
306180
52488
240000
86016
2025
5616
14336
29
39600
294912
12768
5824
1960
432255
65
11232
949106497
2880
6300
6750
118263990
697106497
2730
546
46464
51030
7897861
10710
21840
8826131
24192
31680
786432
1904
16464
85712697
9408
408240
300
49152
122880
55296
33401221
19
25600
35100
67584
74088
27216
105840
24750
9827
27000
1134
3168
225792
42768
36864
73
8316
142884
43
61440
5940
4160
8748
94080
486000
373248
13056
375000
126720
63180
2688
393216
172032
87480
630
40824
18
89
54
6400
24
441
26460
699840
128000
7455307
105
56160
107520
336000
244944
155520
59136
1701
11085765
22950
24300
82944
85536
230400
7040
36283838
41472
1512
13860
3375
29484
73728
8660
64800
29952
9216
21504
124416
99000
22
100696425
900
235200
32670
84579
1764
12096
45360
362880
22176
104976
322081025
32805
34020
145152
589824
2640
112896
79548
174960
141120
98304
5808
74
31
12800
106
4050
176400
13500
42000
26
300000
22464
25490988
999999999
11264
103680
58
93312
7390
108000
53760
9489
110250
49920
64152
23814
214573
673921
96000
641
2340
9900
129024
112
57600
70235461
96768
1944
48
25200
57344
193
201600
10260
46
67
83160
165888
1520
17920
23100
20000
349920
56
999999998
61740
3371
4655
42120
746803744
21
27184698
2400
33696
119
7560
621008
3900
672
6930
1
181440
589833267
43680
142560
131980
94
67500
87
80
83
8250
519
32
32768
476014
9409159
30030
120
7
27720
47
144000
21384
3696
57024
226800
189
132300
517759
257
42336
62208
468
8064
5184
5044
44550
10560
32400
71805
4560
17820
15400
57624
281250
4312
98415
184320
1056
33792
23
95
3456
11016
1680
18240
987
16000
5721
192000
53940
9180
76032
54880
4752
474
69
113
95256
61966
7290
12240
20480
524880
2200
1632
41600
207360
28
172800
622080
79
28080
524288
97
28000
4704
1671
2376
224
8424
360000
103
59
112000
1890
160
787320
1728
50400
24576
536870912
8100
8347
989447237
25
5520
1741
43740
420
8208
4374
35280
58054077
10
67200
15120
4032
21000
47040
243000
904152917
180
1215
182250
14688
983900459
922505446
64512
128
78750
14
262440
665
552960
3509575
473
981028563
8015864
60480
101250
70200
107
19008
16320
30720
5376
17
33750
102
39936
1848
7128
364500
4410
19800
8000
4914
66528
116640
81648
44800
22848
430080
42105
198450
3510
49280
35
164640
9450
1001
7680
131220
30240
10800
546750
40320
236250
926315427
132000
576
3960
10000
11340
20736
18816
10500
3864
81920
448
567
3780
23115571
4536
307200
655360
268800
157464
48600
150000
50544
625433749
5304
76800
2097152
194400
405000
301056
122
4896
3312
49
209952
6480
482421315
226151256
58320
396
161280
20
3157819
5346
934
135000
72576
279936
92400
66
5120
323
74880
6840
660
133650
14112
1817
1386
2268
46080
45
3264
68
51
961175759
38880
30973
163296
6399199
21600
32000
96228
12150
105600
1000000
6600
2906162
37800
986129769
63
216000
38497
1620
302400
362
211680
66150
123
48238
52
12544
4620
28672
994617
5625
1615
7392
21870
12870
9600
3528
123480
110592
97200
25002
813
26880
78
4000
34560
5040
12000
8624
2736
90
88704
442368
1600
49392
139968
20328
457481
5280
126
33
340200
92160
42
13440
63000
34848
1048576
29700
2707
276480
393660
88
193536
75264
14256
109
30
35640
7296
1530
92
2310
368640
3888
105000
4539685
81000
38016
1001604
100800
8772
696
17640
15840
51840
53
10752
1260
117
101
14040
32640
63504
9
84000
76
816
114688
115
2618049
2000
217728
85050
138240
10368
50688
82268566
4675
75
4800
36
5000
16524
3584
24480
134400
49000
3072
4158
4725
91
4
346742385
86
125
999999937
998244353
13230
21383
118272
78000
204120
583200
4680
6000
964532929
288
6075
7776
45000
64922375
163840
28512
56700
108
95040
6765
1824
9504
2560
1800
8550
12288
40
311040
792
169344
540
179200
44
7200
49500
31500
120000
118
104
27456
14560
64680
24696
12960
62
57
68040
322560
56448
85881
3024
13824
8320
216
29400
17424
192
16800
94500
69888
80640
3240
37440
259200
43200
16
16224
29160
115200
145800
5657
168000
1836
314928
18720
84240
345600
93
4943
23232
48000
10080
194241
3
1000000000
98
75600
510205
282791
460800
281
27
60
12672
110
84480
50000
7389
67893369
2304
1100
40950
80949857
3600
9240
125440
40960
15552
587234
24000
3564
70400
8640
4320
3645
65536
44928
77760
4480
21952
29250
15288
998506315
31104
31200
900360029
19200
8400
50
63360
331776
1920
86400
11000
33600
89100
121500
16128
23040
5600
81
3120
1584
2100
32256
202500
414720
688978813
52800
2156
13122
2600
127008
491520
8
646
13680
168960
58800
391
150528
653477439
69120
18432
768
5400
3000
480000
34
116
5297
2250
47628
8087519
33108
15750
466560
99840
85
35503
118800
37
72000
47958485
16200
2352
23328
17550
2940
79200
633
361
912
2592
147456
129600
14700
288000
954158175
31752
48384
2
7785
2160
196608
215040
4488
102060
41580
94770
388800
22680
640
170
8372259
34944
320
70560
29120
2720
241920
1323
70
805306368
34111
1500
82
200000
90720
432000
2016
459270
6720
504
15876
700
4200
5767201
31590
28800
810
4608
614400
180000
10240
6804
5073
3360
96
9000
48510
2431
54432
8448
233280
9100
136080
