960
5304
474
12870
5940
6300
245760
86400
1520
26460
248832
67500
84480
11000
281250
1615
491520
5
268800
65536
98
124
44800
2640
362880
8826131
9489
524880
150000
432000
68
70235461
9450
174960
460800
408240
393216
786432
1008
23814
11085765
57600
34300
216
129600
112000
12096
989447237
1500
2403381
26880
18
193536
224
142884
19200
442368
42000
96228
9216
37440
8424
180
1512
420
324000
2431
904152917
20592
2100
86
46464
124416
35640
7390
926315427
44
84000
19008
13860
3509575
7500
64680
4752
696
49896
82944
81648
3528
23040
517759
230400
78000
8448
2310
145800
34560
938017885
6804
129024
91
430080
8960
7455307
2430
58054077
10080
98304
3000
11232
15400
244944
58800
61966
2304
288
9000
5625
301056
12768
20
441
1848
4410
15120
25002
132300
900
24576
964532929
96000
135
66150
243000
161280
1
121
38
38497
108000
43680
56160
115248
214573
72576
36864
33792
12150
42105
10368
14700
47
108
23328
768
8208
630
105840
459270
395
87480
73
54880
346742385
8250
14
1800
700
6
7040
65
49
63360
30030
25600
168960
12240
115200
1100
364500
2906162
4158
15680
5767201
83
80949857
673921
59136
28512
1671
276480
2268
23232
69984
24750
50688
48600
85881
74088
33108
6720
67584
28000
17280
256000
69888
4655
1260
331776
1944
8748
94500
131
18432
336000
4560
48384
4725
9827
1620
1440
4788
20160
4680
5250
79200
5297
288000
6541551
194400
93
39936
132000
32768
5073
47958485
18480
64152
22176
155520
54000
28800
101
63
72900
186624
6552
204120
6600
13056
89
63000
95
60480
10710
653477439
1249
6399199
3375
954158175
2070
122
49280
1386
999999937
21168
30973
88704
20000
49152
4
302400
13680
110250
536870912
95040
10260
262440
725573
323
23100
576
30240
8000
176400
135000
6075
97
291600
4620
107520
226151256
391
127
69120
46
77
3024
39600
226800
672
207360
625433749
17424
45
8320
32
96
4733
4200
7200
80
22848
2400
5616
12348
21
29120
699840
63180
193
519
23115571
21504
587234
62
16000
225792
240000
112896
128
660
480000
17640
133650
969
103
201600
89100
38016
47473
13824
196608
45360
994617
35280
294912
21600
92
25920
41472
22
31752
12672
184320
22464
314928
57344
9409159
252000
58320
22500
43
655360
4539685
1817
14040
7056
746803744
116640
270000
127008
64922375
961175759
2880
3564
118
123
20328
12000
396
28
8550
2707
26
45000
97200
6765
31680
40824
589833267
10500
151200
641
16200
11664
4675
43740
35100
912
122880
4914
2688
1960
23400
27000
448
54600
142560
3584
144000
88
69
33
646
77760
922505446
12288
1001604
787320
2592
9180
3456
163296
552960
34848
13
457481
13440
2340
8624
14336
54
81920
52920
7389
31590
7025
21952
33600
3371
119
5040
1048576
22680
34020
4320
19800
486000
66528
70000
165888
236250
79548
6037
85050
217728
998244353
998506315
21870
28672
24480
65610
2600
83160
5824
50
2736
74880
5808
53940
810
160
983900459
1824
94
473
24696
200000
95256
17920
476014
104976
32400
999999999
29250
373248
64
202500
48000
559
4312
78750
10000
6400
4800
1001
31104
3696
72000
57
322560
49392
40960
126720
3120
19440
81
546750
7
55296
32670
16380
816
99
113
211680
32640
2025
1728
7128
31
51840
71805
66
82268566
46080
1920
14688
75600
2016
36283838
40
3960
23
16464
987
86016
109
7290
414720
257
1764
813
5000
110
1600
170100
215040
5044
300000
5120
29
12800
6840
2376
10
58
4536
4704
118272
92400
567
2520
76800
1890
38880
189
10800
3072
281
4032
42755209
48238
99000
524288
14560
2200
360000
63504
70560
300
29400
967669583
15552
17
235200
311040
9600
49920
38400
169344
345600
5184
7560
1056
1215
1323
4488
16524
306180
864
44550
999999998
322081025
782
55
145152
501
49500
62208
3780
41600
4050
504
67
37800
24300
8772
93312
4943
118263990
9408
27216
5280
259200
64800
18720
9504
90
916855204
4896
53760
29952
4173641
307200
9800
3168
19656
21840
986129769
3888
192
30
172032
123480
1530
320
3900
35503
8015864
172800
105000
114688
76032
100800
59
8660
76
129
4000
42336
70200
102
349920
34944
61440
393660
640
115
50544
583200
111
100696425
91857
131220
168000
42768
688978813
138240
3240
697106497
5376
6750
139968
71280
147456
23760
8372259
16
118800
7776
546
1134
120
102060
27184698
57624
98415
4480
70
125
9900
8100
21384
21383
5400
432255
29484
24
79
22950
4374
1632
25490988
81000
12960
56
48
14112
56700
3312
3864
170
50400
5520
233280
48510
85
179200
4160
51
3360
362
540
20480
32000
32256
87
92317161
5760
361
80640
25
198450
16320
18000
27
103680
1000000
68040
2730
56448
468
112
84579
10240
153600
8640
18240
82
16800
125440
209952
15
3600
117
49000
43200
375000
16224
29160
665
120000
5657
11340
164640
72
241920
949106497
128000
518400
9
7920
8
141120
194241
3
1000000000
50000
3157819
2940
92160
126
340200
282791
20736
36
28080
10560
131980
8976
60
981028563
2618049
122877509
5600
32076
47628
192000
157464
1904
17136
8316
40950
70400
47040
74
108864
27456
11264
64512
10752
8347
2156
510205
15750
85712697
31200
900360029
94080
181440
18816
14400
466560
11
90720
2720
30720
957262828
14256
16128
52488
9240
1836
3264
136080
73728
84240
34111
1584
107
13122
32805
2097152
25200
53
75
1741
9100
368640
104
27720
11016
150528
2000
71
5601
934
405000
33750
2250
614400
116
5200
622080
99840
8087519
34
792
15840
24000
9425
13500
15288
162000
101250
163840
41580
7296
105
17550
42
78
633
42120
89600
24192
52800
2
221184
29700
59400
40320
44928
110592
8064
2160
35
31500
1680
805306368
3645
94770
388800
106
1701
279936
37
6930
134400
482421315
33696
84
33401221
6480
67893369
5346
7680
75264
60000
12544
5721
621008
21000
7897861
57024
472392
15876
13230
8400
2352
61740
216000
105600
4608
7938
180000
2560
51030
52
409342369
96768
7392
7785
182250
54432
67200
85536
3510
17820
